off_cold_16C_dir0_fan1.decoded:		[ 11000100 11010011 01100100 10000000 00000000 00000100 11000000 11110000 01010000 00000000 00000000 00000000 00000000 10001010 ]
off_cold_23C_dir0_fan1.decoded:		[ 11000100 11010011 01100100 10000000 00000000 00000100 11000000 00010000 01010000 00000000 00000000 00000000 00000000 01010010 ]
off_cold_31C_dir0_fan1.decoded:		[ 11000100 11010011 01100100 10000000 00000000 00000100 11000000 00000000 01010000 00000000 00000000 00000000 00000000 01000010 ]
off_heat_16C_dir0_fan1.decoded:		[ 11000100 11010011 01100100 10000000 00000000 00000100 10000000 11110000 01010000 00000000 00000000 00000000 00000000 11110010 ]
off_heat_23C_dir0_fan1.decoded:		[ 11000100 11010011 01100100 10000000 00000000 00000100 10000000 00010000 01010000 00000000 00000000 00000000 00000000 00010010 ]
off_heat_31C_dir0_fan1.decoded:		[ 11000100 11010011 01100100 10000000 00000000 00000100 10000000 00000000 01010000 00000000 00000000 00000000 00000000 00000010 ]
on_cold_16C_dir0_fan1.decoded:		[ 11000100 11010011 01100100 10000000 00000000 00100100 11000000 11110000 01010000 00000000 00000000 00000000 00000000 10101010 ]
on_cold_23C_dir0_fan0.decoded:		[ 11000100 11010011 01100100 10000000 00000000 00100100 11000000 00010000 00010000 00000000 00000000 00000000 00000000 00110010 ]
on_cold_23C_dir0_fan1.decoded:		[ 11000100 11010011 01100100 10000000 00000000 00100100 11000000 00010000 01010000 00000000 00000000 00000000 00000000 01110010 ]
on_cold_23C_dir0_fan3.decoded:		[ 11000100 11010011 01100100 10000000 00000000 00100100 11000000 00010000 11010000 00000000 00000000 00000000 00000000 11110010 ]
on_cold_23C_dir0_fan5.decoded:		[ 11000100 11010011 01100100 10000000 00000000 00100100 11000000 00010000 10110000 00000000 00000000 00000000 00000000 10001010 ]
on_cold_23C_dir1_fan1.decoded:		[ 11000100 11010011 01100100 10000000 00000000 00100100 11000000 00010000 01001000 00000000 00000000 00000000 00000000 01101010 ]
on_cold_23C_dir2_fan1.decoded:		[ 11000100 11010011 01100100 10000000 00000000 00100100 11000000 00010000 01011000 00000000 00000000 00000000 00000000 01111010 ]
on_cold_23C_dir3_fan1.decoded:		[ 11000100 11010011 01100100 10000000 00000000 00100100 11000000 00010000 01000100 00000000 00000000 00000000 00000000 01100110 ]
on_cold_23C_dir4_fan1.decoded:		[ 11000100 11010011 01100100 10000000 00000000 00100100 11000000 00010000 01010100 00000000 00000000 00000000 00000000 01110110 ]
on_cold_23C_dirswing_fan1.decoded:	[ 11000100 11010011 01100100 10000000 00000000 00100100 11000000 00010000 01011100 00000000 00000000 00000000 00000000 01111110 ]
on_cold_31C_dir0_fan1.decoded:		[ 11000100 11010011 01100100 10000000 00000000 00100100 11000000 00000000 01010000 00000000 00000000 00000000 00000000 01100010 ]
on_heat_16C_dir0_fan1.decoded:		[ 11000100 11010011 01100100 10000000 00000000 00100100 10000000 11110000 01010000 00000000 00000000 00000000 00000000 11001010 ]
on_heat_23C_dir0_fan1.decoded:		[ 11000100 11010011 01100100 10000000 00000000 00100100 10000000 00010000 01010000 00000000 00000000 00000000 00000000 00110010 ]
on_heat_31C_dir0_fan1.decoded:		[ 11000100 11010011 01100100 10000000 00000000 00100100 10000000 00000000 01010000 00000000 00000000 00000000 00000000 00100010 ]
