  1594338

     3559     1581      580     1119      567     1092
      590      462      593      462      563      488
      594     1092      590      462      600      451
      593     1093      594     1118      564      462
      593     1093      563      489      593      462
      589     1099      588     1118      568      458
      593     1119      567     1119      563      462
      564      492      589     1099      588      462
      589      462      593     1094      588      462
      594      462      508      539      568      487
      568      466      594      454      593      467
      585      462      593      458      589      462
      568      462      563      488      597      460
      588      462      589      463      513      543
      507      522      508      543      589      462
      594      458      507     1179      507      545
      511      543      564     1130      586      458
      589      462      568      462      563      488
      593      463      589      462      589      467
      507      544      507      529      501      544
      589     1119      567      463      589      462
      593      462      508      544      563      488
      568     1118      574      456      589     1119
      508      543      512      518      512      543
      589      463      589      462      507      544
      512      544      492      559      568      462
      589      462      593      463      507      544
      563      488      567      463      589      462
      593      462      589      470      586      458
      563      492      563      467      559      492
      589      463      593      458      563      492
      507      544      512      543      493      537
      589      462      589      462      508      544
      511      544      486      565      568      462
      589      462      593      463      507      550
      506      539      568      462      589      487
      568     1092      564      492      589      462
      589     1097      589      463      538