  1598160

     3478     1646      538     1149      511     1196
      490      548      504      539      537      518
      512     1170      516      535      517      539
      507     1179      507     1174      515      541
      507     1179      538      513      513      539
      511     1175      512     1174      538      513
      508     1185      501     1179      507      544
      512      517      508     1174      512      544
      512      539      538     1149      537      513
      508      522      508      569      512      514
      516      539      538      514      507      544
      512      543      512      516      518      546
      529      513      517      539      537      510
      516      539      491      538      513      539
      517      539      537      514      512      539
      515      541      507     1179      507      517
      513      544      512     1170      516      539
      538      513      538      518      512      546
      531      512      513      543      512      514
      512     1200      507     1179      507     1174
      512     1180      510      540      537      514
      512      539      490      540      512      539
      516     1170      536      520      537     1149
      512      539      537      514      563      492
      508      540      515      540      489      541
      563      488      563      492      564      488
      563      488      512      543      538      488
      512      542      565      488      563      488
      512      544      507      544      507      523
      507      544      570      481      563      493
      507      544      508      522      508      569
      538      488      563      492      564      488
      507      544      511      552      530      488
      564      492      563      488      564      488
      563      488      516      539      538      491
      509     1200      507     1185      502     1178
      508     1174      563      492      564      488
      512     1170      516      540      537