  2074138

     3482     1646      512     1196      537     1149
      512      514      564      488      516      535
      516     1171      511      540      516      514
      512     1196      512     1175      508      522
      508     1200      512      539      538      492
      569     1140      537     1149      508      543
      512     1175      507     1179      508      539
      517      539      543     1118      563      488
      564      492      559     1149      508      522
      512      540      563      488      564      488
      507      553      503      523      559      513
      542      489      563      488      568      488
      508      539      516      540      538      492
      589      463      593      458      568      488
      589      458      516      540      538      492
      559      492      589     1098      589      462
      589      462      573     1114      590     1118
      568      462      589      463      563      493
      589      458      563      492      564      467
      569     1139      507     1179      508     1175
      507     1179      590      462      563      489
      563      488      568      467      508      539
      568     1120      588      462      568     1145
      564      462      563      492      564      488
      508      549      507      539      542      488
      590      462      563      489      567      488
      564      488      512      540      537      493
      559      492      569      483      563      489
      538      518      507      544      508      522
      508      544      564      488      563      488
      508      544      512      518      512      565
      538      492      564      488      564      488
      507      544      512      544      538      488
      564      492      559      495      561      488
      563      488      538      514      542      488
      512     1196      512      544      538      492
      559      492      564     1124      558      492
      564     1119      563      493      482