  1734724

     3561     1573      590     1119      563     1128
      558      462      589      462      593      463
      589     1093      593      459      563      492
      507     1179      508     1181      501      544
      511     1175      593      463      589      462
      589     1093      568     1119      593      469
      501     1175      508     1179      507      548
      507      518      512     1175      507      544
      589      463      593     1094      589      462
      507      523      507      570      563      463
      593      458      593      463      507      545
      563      488      567      463      593      458
      594      462      589      462      594      457
      590      462      568      462      563      488
      594      462      593      458      597      455
      507      548      508     1178      513      513
      512      565      567     1119      568     1118
      564      468      588      462      508      544
      589      462      593      458      563      493
      507      544      512      518      563      488
      594      462      590      462      507      544
      507      523      507      570      563      463
      593     1119      563      463      593     1093
      564      494      587      462      589      458
      568      488      507      544      512      518
      512      544      589      463      588      462
      508      544      518      512      512      565
      568      462      589      462      590      466
      508      539      563      493      563      467
      589      462      589      469      561      488
      589      463      563      488      567      463
      563      488      563      493      589      458
      563      492      508      544      512      518
      512      539      568      488      589      462
      508      544      511      544      538      514
      537      493      589     1119      544      486
      589      462      589      462      573      479
      563     1123      564      488      568