  2025764

     3561     1587      512     1174      511     1175
      512      518      521      555      537      488
      516     1195      539      492      537      514
      563     1123      538     1144      516      539
      563     1123      538      514      563      492
      538     1144      516     1170      512      539
      515     1172      571     1115      537      514
      564      488      515     1170      517      534
      542      488      512     1174      512      546
      557      488      516      539      508      544
      511      533      496      541      563      492
      563      488      508      543      512      518
      512      565      538      492      563      487
      565      487      512      540      516      539
      538      492      563      488      564      488
      567      488      562     1120      568      483
      517      539      508     1178      508     1178
      508      543      507      545      512      551
      530      488      567      488      589      463
      563      492      563      484      542      512
      543     1144      508      543      512      525
      505      540      567      488      589      462
      508     1177      509      543      512     1174
      564      492      563      490      510      539
      538      492      511      540      564      492
      563      484      516      539      508      544
      511      544      486      540      574      480
      565      488      507      544      512      518
      511      566      542      488      563      488
      563      493      514      533      516      539
      539      491      564      488      563      492
      563      488      564      487      537      515
      540      489      512      539      568      488
      563      489      537      518      507      544
      508      543      487      542      565      487
      564      488      507     1179      508      543
      512     1175      563      492      563      489
      537     1144      517      539      538