  1717326

     3489     1642      591     1092      592     1094
      564      492      563      488      589      463
      507     1182      505      543      512      538
      518     1170      567     1119      563      488
      564     1123      563      492      507      545
      507     1179      507     1175      567      488
      563     1119      568     1117      564      493
      570      481      507     1179      507      544
      512      539      516     1170      563      489
      516      539      538      492      559      499
      557      487      516      536      516      539
      508      542      513      518      512      539
      516      540      538      513      508      544
      518      512      511      565      489      541
      538      513      516      540      507      544
      512      539      491     1169      538      518
      511      541      511     1196      512      518
      511      544      512      539      538      514
      507      544      510      520      511      566
      490      539      538      513      516      540
      507      544      512      539      516      513
      538      518      512      540      537      514
      516     1170      538      514      511     1175
      562      493      508      543      508      522
      508      569      538      487      564      493
      537      513      508      545      509      545
      537      488      564      492      563      488
      564      487      564      488      516      539
      545      487      558      491      564      488
      563      488      516      539      508      543
      512      518      512      539      567      489
      564      488      507      544      512      543
      487      565      537      492      564      488
      563      501      499      543      512      540
      537      492      564      488      563      492
      563      488      564      488      544      510
      539      488      563      492      564      487
      564     1123      571      480      538