  1404672

     3510     1624      559     1123      563     1123
      564      488      563      488      573      483
      563     1118      568      488      563      488
      563     1124      563     1153      533      488
      563     1130      553      492      563      492
      564     1118      563     1128      558      493
      563     1144      538     1151      535      492
      559      492      564     1123      563      488
      563      492      564     1118      563      493
      563      495      501      543      531      525
      537      488      563      493      563      488
      563      493      563      484      516      539
      538      492      569      483      563      492
      563      484      516      539      508      544
      512      518      563     1123      512      565
      538      492      570     1138      541      488
      564      488      563     1123      563     1124
      563      488      563      488      568      494
      501      544      508      522      507      570
      538      488      567      488      564      488
      507     1179      589      462      568      486
      561      492      564      467      558      493
      589     1092      594      462      589     1098
      589      462      589     1130      556      462
      564      492      589      462      590      462
      563      488      568      462      512      539
      569      488      589      462      570      481
      507      549      507      522      508      544
      589      462      563      489      507      548
      508      522      507      570      563      469
      557      492      563      488      508      543
      513      543      563      462      564      492
      563      488      563      492      564      483
      523      533      538      492      559      492
      563      493      563      483      517      539
      486      565      512     1179      508     1176
      506     1178      563      488      564     1123
      563     1123      563      488      538