  1939861

     3477     1627      558     1148      537     1144
      537      518      536      515      542      513
      516     1144      542      509      542      523
      502     1200      537     1148      537      489
      558     1153      542      488      537      513
      542     1151      503     1197      537      519
      537     1148      538     1148      538      513
      542      487      511     1179      535      513
      541      514      511     1174      564      487
      559      493      541      513      541      510
      564      492      563      470      551      497
      541      510      541      514      542      509
      562      489      567      488      516      509
      542      514      542      509      549      506
      542      509      568     1117      568      488
      538      513      564     1122      563      467
      511      540      541     1143      543     1144
      542      509      542      513      512      539
      542      514      541      510      567      483
      538      518      563      466      512      539
      542     1144      542      509      542      513
      542      508      564      488      568     1118
      553     1133      546      509      568     1118
      541      510      563      488      568      462
      511      544      542      509      548      507
      542      509      563      488      566      464
      541      510      541      514      542      509
      542      513      542      509      568      488
      515      509      513      543      542      509
      542      509      542      513      538      513
      542      488      512      543      537      514
      542      510      537      518      563      466
      512      539      542      509      542      513
      542      508      539      518      537      514
      516      513      545      507      542      513
      537     1145      541     1143      543     1144
      541     1145      511      540      542      509
      541     1144      541      515      516