  1883398

     3537     1598      558     1149      538     1144
      541      488      512      544      537      514
      512     1180      532      514      537      515
      541     1144      512     1170      516      540
      537     1145      516      546      531      514
      537     1149      538     1148      512      540
      516     1170      512     1170      516      546
      505      540      537     1149      537      514
      538      514      542     1144      517      534
      542      514      493      537      518      533
      512      540      516      535      542      514
      537      515      537      492      512      539
      516      540      513      539      508      547
      536      492      511      539      518      535
      514      540      511     1171      516      540
      511      540      511     1171      516      540
      537      514      537     1149      538     1145
      537      518      538      514      537      493
      512      539      512      539      516      540
      512      539      516      536      542      513
      486     1196      539      517      538      488
      512      544      512      539      512      539
      538     1149      507      544      538     1149
      511      540      516      535      517      541
      484      540      511      544      512      540
      516      535      542      514      508      543
      538      492      512      540      512      539
      516      540      515      537      507      522
      508      569      512      514      511      544
      512      540      507      544      538      513
      491      540      511      546      510      539
      512      539      517      535      516      539
      486      540      512      544      538      513
      512      539      512      544      513      538
      512      518      512      539      538      514
      516      540      507     1175      486     1200
      507     1185      532      514      511      540
      486     1175      511      540      516