  1566495

     3590     1570      504     1178      508     1179
      516      509      512      564      569      461
      590     1119      567      463      589      462
      593     1092      593     1094      591      461
      593     1093      589      462      594      462
      589     1094      593     1091      564      493
      589     1093      593     1092      594      458
      593      458      593     1092      594      462
      568      462      507     1182      505      543
      589      458      568      488      506      545
      512      522      508      543      589      462
      594      458      507      548      515      515
      508      580      551      463      594      462
      589      462      508      544      563      492
      563      463      593     1118      574      456
      508      543      589     1097      589      462
      594      462      589     1093      605     1107
      567      462      590      462      589      462
      593      458      568      487      568      462
      507      544      594      458      593      458
      568     1129      582      463      507      544
      512      518      527      548      569      462
      589     1119      567      462      589     1098
      570     1137      511     1175      508      522
      507      570      567      458      594      462
      589      462      512      539      562      493
      569      462      589      462      589      462
      593      463      588      463      563      488
      567      461      565      492      589      462
      596      456      563      492      507      544
      512      518      563      488      596      458
      590      462      508      544      511      518
      512      572      560      463      588      463
      593      462      507      544      512      539
      568      462      589      466      590      462
      589      466      597     1085      562     1125
      588     1118      568     1118      542     1144
      538     1147      539      488      568