  1573429

     3560     1543      590     1118      564     1124
      587      462      567      462      564      492
      589     1093      593      458      563      492
      508     1178      507     1174      492      565
      507     1178      594      462      589      458
      567     1119      563     1125      590      470
      501     1174      490     1196      490      565
      511      518      508     1177      509      543
      589      463      599     1087      588      467
      503      522      564      513      567      463
      589      462      593      462      508      543
      559      493      574      455      589      462
      594      461      590      462      593      458
      564      492      563      469      564      485
      589      466      589     1092      594      462
      589      463      507     1174      491      565
      507      544      564     1126      588     1094
      593      458      563      492      508      543
      512      518      564      492      589      462
      588      463      508      543      512      518
      563     1145      563      492      567      462
      589      462      593      463      589     1097
      589      462      589     1097      596     1090
      589      467      583      468      589      462
      508      543      512      544      563      462
      593      462      589      462      574      481
      590      458      563      493      567      462
      563      488      568      488      589      462
      563      488      485      571      506      530
      501      543      589      463      567      484
      490      565      508      522      507      569
      564      466      589      462      589      467
      509      538      511      544      537      493
      563      488      562      492      565      487
      564      488      538      517      537      488
      563     1151      506      521      512      538
      564      492      563     1119      563      492
      563     1123      563      488      486