  1501098

     3544     1618      535     1145      567     1119
      567      462      559      497      537      514
      542     1144      510      541      552      499
      516     1170      542     1144      542      509
      516     1170      541      515      511      540
      541     1152      505     1169      564      492
      542     1143      512     1170      516      540
      542      509      546     1147      534      514
      486      540      510     1176      558      493
      542      509      546      513      534      513
      542      488      512      539      515      540
      542      514      533      518      537      488
      512      544      511      540      542      513
      512      538      539      514      541      514
      486      539      542     1145      541      514
      512      539      542     1143      513      539
      542      513      519     1163      516     1174
      538      513      512      538      543      514
      512      539      542      509      490      540
      559      499      535      513      512      539
      541     1145      542      492      555      518
      537      492      508      544      512      539
      542     1143      543      509      542     1144
      559     1153      537      493      511      539
      542      509      542      494      566      506
      537      492      512      565      516      509
      516      539      542      509      542      508
      543      514      516      514      511      546
      536      513      512      539      542      509
      542      514      514      515      512      539
      542      509      542      509      546      514
      540      507      540      492      509      544
      510      540      542      514      537      514
      537      492      512      565      516      510
      541      521      535      508      539      513
      542      514      515     1145      542     1144
      511     1197      540     1152      535      513
      486     1174      538      513      538