  1391926

     3555     1578      586     1096      590     1096
      589      463      588      463      563      492
      598     1088      589      462      589      467
      588     1093      592     1120      563      466
      589     1093      570      485      589      463
      567     1119      561     1124      589      463
      567     1144      538     1149      539      486
      563      492      562     1118      569      488
      563      488      567     1119      563      492
      563      488      522      529      516      540
      537      492      538      513      564      488
      516      539      537      514      513      543
      510      514      512      544      538      514
      515      536      516      538      509      543
      512      517      512     1173      512      566
      490      539      512     1181      504      540
      516      539      512     1168      518     1169
      516      540      511      540      516      539
      507      551      505      517      512      564
      492      539      512      539      516      539
      508     1174      516      539      512      539
      512      543      487      539      512      543
      512      539      517      535      515     1170
      516      539      508      543      512      518
      512      572      483      540      537      514
      515      540      507      544      512      543
      511      515      538      517      538      513
      537      518      545      502      516      539
      491      539      559      491      517      539
      538      513      512      544      507      543
      512      518      512      546      509      540
      536      514      508      544      511      518
      512      565      516      514      537      514
      516      539      508      543      511      545
      512      513      538      518      537      514
      563      492      538      513      512     1170
      515     1175      570      481      508      543
      512     1174      512      517      563