  3263748

     3571     1586      568     1119      567     1119
      567      484      567      484      572      479
      572     1115      572      457      568      484
      511     1175      588     1119      568      462
      512     1200      568      458      577      474
      572     1114      571     1120      585      487
      568     1118      568     1114      568      488
      572      457      568     1114      572      480
      572      483      512     1175      589      462
      512      539      571      485      567      467
      585      487      564      462      512      544
      567      484      567      484      572      491
      555      489      568      462      568      483
      573      479      546      505      572      483
      542      510      567     1118      569      466
      585      488      563     1119      572      458
      512      543      538     1144      542     1145
      541      510      542      514      511      540
      542      509      542      514      541      512
      562      488      567      462      512      540
      542      513      538      514      537      514
      538      492      511      567      520      505
      542     1145      541      510      542     1144
      512      540      541      514      512      540
      541      514      538      518      533      492
      508      544      512      539      542      514
      532      519      537      488      512      570
      486      540      511      540      546      510
      537      514      538      513      517      513
      512      540      541      514      538      513
      512      540      542      513      487      544
      506      545      538      513      512      539
      542      514      537      514      538      492
      508      543      512      555      526      514
      538      514      537      492      508      570
      511      514      542     1170      486     1195
      517      514      511      540      542      514
      537     1144      542      510      516