  3733862

     3596     1541      591     1118      563     1119
      567      462      590      462      594      466
      585     1093      594      453      594      462
      507     1178      509     1179      508      543
      559     1128      595      456      594      458
      589     1096      590     1098      593      458
      508     1178      508     1174      515      541
      560      469      509     1175      512      539
      593      458      594     1093      593      458
      512      519      569      508      568      458
      593      462      590      462      507      544
      589      463      568      462      593      457
      595      462      589      463      593      458
      590      462      567      463      563      488
      594      462      588     1094      593      463
      589      462      508     1182      500      544
      512      544      589     1096      595     1093
      589      458      593      462      508      544
      512      524      506      539      593      463
      589     1093      594     1119      567     1115
      567     1119      506      552      553      471
      565      488      592      462      589      463
      507     1175      507      544      511     1176
      593      462      595      453      593      462
      568      462      564      488      593      463
      588      459      568      488      507      544
      512      518      564      488      593      462
      590      462      508      542      509      522
      564      514      563      462      594      462
      589      463      507      544      570      482
      567      462      590      462      593      463
      589      462      594      457      589      463
      568      462      563      488      592      471
      583      457      568      488      508      543
      512      544      486      544      589      462
      590     1092      594      463      589     1093
      593      462      590     1092      594      462
      589     1093      594      458      567