  2196275

     3512     1623      507     1199      485     1175
      511      539      512      544      512      539
      515     1175      509      540      512      543
      507     1195      517     1148      538      513
      512     1177      513      549      506      536
      515     1171      516     1169      516      539
      507     1178      534     1148      538      525
      530      514      537     1123      563      492
      511      540      515     1171      511      540
      537      492      512      565      490      539
      512      539      516      539      507      544
      512      545      487      538      515      539
      512      539      516      539      511      549
      503      537      492      539      512      543
      512      539      516     1170      511      544
      511      540      507     1185      501      543
      512      540      516     1173      512     1170
      516      539      512      542      509      543
      507      523      514      537      511      540
      516      539      508      543      512      518
      510     1197      516      539      486      544
      511      540      518      537      512      539
      512     1172      513      540      511      544
      507     1178      508      543      512      518
      518      559      485      543      513      539
      511      544      507      544      512      539
      490      539      538      518      511      540
      536      526      505      535      515      540
      490      539      512      539      516      539
      538      513      512      543      508      543
      512      518      511      540      516      539
      537      514      507      544      511      544
      486      564      517      513      516      539
      538      513      512      539      516      540
      486      543      512      539      510      545
      537      514      511     1175      537     1148
      538      513      523     1162      513      543
      538     1144      515      540      486