  2159014

     3540     1595      568     1112      573     1114
      545      507      570      484      567      462
      559     1122      571      483      573      483
      567     1115      571     1118      568      483
      546     1140      511      538      573      490
      565     1114      547     1139      567      484
      571     1119      566     1115      571      484
      511      540      571     1114      572      483
      568      483      572     1112      573      484
      571      480      567      488      567      464
      567      483      570      480      571      483
      572      484      567      484      567      462
      567      484      515      540      567      483
      572      492      557      489      564      487
      568      462      511     1170      516      540
      571      479      571     1118      568      483
      580      475      568     1114      571     1114
      572      483      572      483      570      481
      563      466      589      462      516      540
      571     1113      572     1114      571     1113
      573     1139      568      462      567      484
      571      479      568      488      567      462
      566     1119      568      483      572     1113
      512      539      572      483      572      485
      565      483      573      456      590      462
      516      539      572      479      571      484
      563      466      589      462      510      545
      574      477      571      484      571      480
      567      488      567      458      571      484
      572      477      573      484      571      480
      571      484      567      462      567      484
      516      535      571      484      570      485
      567      483      564      492      563      462
      516      539      572      479      571      484
      563      466      588      463      516      539
      567     1119      567      483      572     1114
      572      486      509     1173      590      462
      511     1174      512      539      572  1298330

     3539     1618      548     1137      541     1143
      543      509      542      514      537      513
      542     1149      537      488      512      565
      490     1173      538     1170      491      539
      511     1200      533      518      538      492
      511     1174      520     1188      541      514
      486     1174      512     1174      511      564
      492      539      512     1174      518      533
      537      514      541     1144      542      514
      484      545      537      514      512      543
      512      535      546      509      523      507
      511      544      512      540      515      535
      541      514      537      514      542      488
      511      544      511      540      541      516
      530      518      538     1148      538      513
      542      514      516     1144      511      544
      537      513      512     1207      531     1148
      537      493      507      569      486      540
      541      514      510      541      537      514
      542      513      523     1163      516     1144
      541     1170      511      540      516      514
      511      540      541      510      541      514
      516     1170      516      513      511     1175
      512      539      542      513      512     1170
      541      514      542      516      530      517
      538      493      511      565      516      514
      511      540      541      514      537      514
      537      518      485      540      549      507
      511      540      541      515      511      539
      541      514      486      539      512      542
      513      539      542      509      542      523
      528      518      537      492      508      543
      512      543      537      514      538      513
      538      492      512      565      519      510
      520      536      537      513      538      513
      541      514      486      544      537     1170
      515      514      512     1200      537      521
      492      529      513     1174      538     6216
      131   857367

     3489     1642      544     1144      545     1143
      540      508      542      514      541      514
      511     1181      504      536      546      509
      537     1148      538     1148      538      513
      542     1148      541      510      542      509
      546     1140      541     1144      516      539
      538     1147      538     1148      538      518
      544      481      511     1174      512      543
      512      539      540     1145      542      513
      538      488      558      496      519      533
      541      514      511      540      536      514
      542      513      516      514      512      539
      541      514      542      513      511      546
      535      508      492      539      511      544
      511      540      541     1144      542      513
      512      539      537     1147      545      507
      542      513      542     1144      541     1144
      542      509      542      512      538      518
      538      492      558      499      509      540
      511     1169      516      539      516     1169
      517     1169      512      543      512      539
      524      527      542      513      537      514
      540     1150      537      488      511     1200
      537      518      486      539      516      546
      505      538      517      539      512      539
      542      514      485      540      511      544
      511      544      512      539      510      541
      544      511      537      492      512      539
      516      539      512      539      538      513
      512      521      508      570      486      539
      516      546      505      539      537      514
      542      513      491      539      510      540
      517      539      512      539      516      536
      541      513      497      533      510      541
      516      539      511      540      512      543
      508     1178      507     1174      512      544
      537      515      539     1149      512      540
      511     1170      542      513      491   666049

     3512     1642      543     1143      542     1144
      541      488      559      518      492      537
      511     1169      516      540      538      514
      542     1143      517     1170      516      535
      546     1143      513      539      537      514
      542     1147      537     1144      516      540
      516     1169      543     1144      512      539
      515      540      538     1149      536      514
      537      514      542     1143      517      539
      542      513      485      539      512      543
      512      539      553      500      542      514
      537      513      542      488      558      498
      511      540      540      513      537      518
      538      490      563      512      517      513
      511      540      543     1143      515      539
      511      539      517     1169      517      537
      541      513      537     1149      537     1150
      532      518      537      516      541      511
      490      540      511      540      515      540
      511      541      516      535      542     1144
      542     1143      516      539      537      514
      541      489      559      522      487      539
      514     1195      486      541      515     1170
      511      545      512      539      516      535
      542      513      538      514      541      488
      512      542      513      540      515      540
      533      518      537      492      559      518
      491      538      511      540      515      541
      536      513      538      518      489      539
      516      539      511      539      516      540
      511      540      511      540      490      539
      514      544      510      542      512      536
      516      538      540      512      510      533
      496      544      511      540      515      540
      507      544      539      494      512      563
      502      529      510     1199      487      539
      516      542      508     1170      515      540
      511     1176      511      540      491   728979

     3540     1596      562     1147      538     1144
      537      518      564      487      542      514
      516     1144      511      539      543      513
      512     1200      537     1144      542      488
      559     1157      532      514      516      514
      541     1144      542     1170      537      514
      537     1148      537     1153      533      514
      542      513      516     1144      542      513
      512      539      512     1199      538      492
      559      492      542      513      512      539
      537      514      541      488      562      493
      512      540      541      514      511      540
      537      514      546      510      515      513
      512      539      541      515      542      509
      541      509      542     1144      542      513
      538      513      542     1147      538      488
      512      569      486     1174      538     1148
      538      513      542      513      511      545
      537      514      537      513      542      509
      538     1148      537     1149      536      515
      541     1149      516      535      541      510
      541      514      516      513      512      540
      540     1145      542      513      512     1174
      512      544      511      540      511      539
      538      513      542      514      490      539
      512      539      542      513      512      539
      516      535      546      510      489      540
      512      539      516      539      512      539
      512      543      538      513      538      492
      558      492      541      520      506      540
      537      518      537      492      508      569
      486      544      537      513      512      543
      534      517      538      513      521      509
      516      539      512      539      516      539
      512      539      511      540      490      539
      512     1200      537      492      516      535
      516      539      513     1172      538      514
      516     1170      511      544      533   675061

     3562     1570      592     1118      572     1117
      538      488      559      518      516      514
      541     1140      546      509      563      488
      568     1122      542     1140      541      510
      546     1144      541      510      563      488
      567     1118      568     1118      551      505
      541     1145      541     1140      546      509
      542      513      564     1122      538      513
      564      492      537     1144      517      535
      545      510      515      514      512      539
      542      514      542      509      542      513
      563      493      537      487      559      493
      541      514      542      509      563      488
      567      463      558      497      542      509
      542      513      548     1134      546      509
      542      514      511     1170      516      535
      546      509      538     1149      537     1154
      532      513      542      514      542      487
      512      540      540      515      511      540
      542      513      512     1170      520      531
      546     1144      542      508      538      514
      542      488      559      522      486      539
      542     1144      542      514      511     1169
      513      544      511      540      516      535
      542      514      537      513      542      488
      512      543      517      535      516      535
      537      518      537      493      511      565
      491      539      512      539      515      540
      538      513      542      518      481      540
      516      539      513      542      515      542
      511      538      508      540      490      539
      512      543      512      539      516      536
      541      514      537      514      541      488
      512      544      511      540      516      535
      537      518      538      492      511      566
      486      543      511      540      512      543
      534      517      538     1148      512      539
      542     1144      512      538      492   639141

     3547     1586      515     1174      511     1195
      517      514      541      510      549      502
      546     1140      541      514      516      513
      512     1195      543     1144      541      488
      559     1155      535      493      537      514
      532     1153      512     1196      563      488
      568     1118      568     1125      535      508
      543      514      516     1144      542      513
      542      509      512     1200      563      467
      558      499      536      509      516      539
      563      488      542      488      559      518
      516      513      542      508      517      540
      537      513      542      516      514      509
      542      513      542      510      541      514
      510      541      542     1144      542      513
      537      514      547     1139      537      492
      559      517      517     1144      516     1170
      512      540      541      513      512      547
      534      514      510      541      542      513
      538     1148      538      513      537      492
      512     1196      541      513      498      533
      511      539      516      540      511      540
      516     1169      516      535      542     1143
      517      539      545      506      538      492
      559      518      490      539      512      539
      516      538      539      513      542      513
      486      540      516      547      504      539
      516      540      511      540      540      515
      486      539      512      544      511      540
      516      535      541      514      538      514
      541      491      509      543      512      539
      516      540      533      518      537      492
      512      565      490      540      515      535
      517      539      537      514      537      518
      486      540      515      540      512      539
      516     1169      512     1175      519     1167
      511     1174      560      492      511      540
      540     1146      541      510      490   675056

     3539     1597      511     1182      504     1174
      537      514      541      509      542      514
      542     1144      541      510      541      514
      537     1155      531     1143      538      518
      563     1124      546      511      512      537
      544     1141      542     1145      541      509
      537     1148      538     1148      537      518
      538      487      512     1173      560      492
      542      514      541     1144      542      509
      537      493      558      517      517      514
      542      509      541      514      537      514
      542      513      486      539      542      514
      511      538      543      514      542      509
      541      514      486      539      512      544
      543      516      533     1143      543      514
      511      540      537     1148      538      514
      541      514      541     1144      548     1138
      516      535      542      513      538      513
      542      488      511      544      512      539
      515      536      537      518      544      485
      512     1196      541      514      486      544
      511      540      510      545      511      540
      516     1169      512      547      534     1144
      516      539      537      514      538      492
      559      517      491      539      511      544
      512      539      537      521      534      514
      485      545      511      539      516      540
      511      539      516      535      542      513
      490      540      511      539      517      539
      511      540      541      514      537      514
      537      492      512      543      512      539
      510      541      538      518      537      499
      504      565      491      539      537      514
      516      539      533      517      538      518
      486      539      516      539      512      539
      523      532      512     1174      511     1173
      513     1200      486      539      516      539
      512     1174      518      533      537   639097

     3509     1618      541     1144      541     1144
      542      512      546      506      542      514
      486     1174      511      540      541      514
      512     1169      541     1145      542      520
      505     1174      512      539      542      513
      512     1168      517     1170      516      539
      542     1151      535     1145      511      539
      542      508      547     1140      542      513
      516      514      559     1122      559      504
      505      539      540      515      537      514
      537      493      558      493      541      514
      512      539      537      514      541      487
      567      515      486      540      541      514
      512      539      538      513      542      514
      515      514      511     1175      511      540
      518      537      512     1170      516      539
      516      539      512     1169      517     1195
      490      540      512      546      508      540
      511      540      541      514      485      540
      512     1200      537     1149      537     1149
      552      499      545      511      484      541
      516      539      515      536      516      539
      512     1174      511      540      541     1152
      509      535      537      518      537      492
      512      565      490      540      511      539
      516      540      536      515      511      544
      495      530      516      539      512      539
      516      540      511      539      542      512
      488      539      511      544      512      539
      516      542      536      512      538      514
      542      492      506      545      512      539
      516      539      533      518      538      492
      512      565      498      532      511      539
      517      539      534      517      538      513
      491      539      512      539      516      540
      512     1173      519      533      515     1171
      516     1170      511      540      516      539
      512     1173      513      539      538   710955

     3527     1599      541     1144      541     1145
      542      509      542      513      564      462
      559     1126      559      497      544      508
      541     1144      541     1145      542      519
      532     1144      512      543      542      508
      543     1144      542     1144      541      510
      542     1155      530     1143      543      515
      511      539      541     1145      541      510
      542      513      542     1140      545      511
      541      514      562      488      568      462
      541      510      542      513      542      509
      542      512      543      509      542      514
      523      502      512      543      542      509
      542      509      542      514      571      479
      568      462      559     1127      559      497
      511      540      541     1144      542      508
      517      539      542     1144      542     1144
      511      540      541      521      535      509
      562      489      541      488      559      497
      511      540      541     1149      537     1144
      542      512      513      539      542      514
      511      540      541      510      541      514
      537     1149      537      491      560     1149
      543      515      483      543      512      539
      512      539      516      540      511      538
      543      514      486      539      512      544
      511      548      508      534      547      509
      537      514      540      494      507      544
      515      538      515      539      537      513
      538      492      559      518      490      539
      511      540      516      539      538      513
      542      514      486      539      516      539
      512      539      516      538      513      540
      542      513      486      539      512      543
      512      539      516      535      542      513
      537      514      542      492      507     1175
      511     1200      538      517      487      539
      515     1195      491      540      532   728959

     3522     1609      542     1145      541     1145
      541      510      541      514      542      509
      542     1148      538      509      542      513
      563     1123      563     1123      563      488
      542     1143      542      514      546      505
      542     1144      541     1144      542      509
      541     1145      538     1148      563      492
      568      462      559     1122      512      544
      540      510      542     1144      542      513
      564      461      559      497      541      514
      537      514      541      510      562      489
      541      514      516      514      511      540
      543      513      511      539      541      509
      547      509      516      514      511      540
      541      514      512     1169      516      539
      542      509      541     1145      542      513
      564      487      542     1144      542     1144
      542      508      543      513      538      513
      542      488      559      501      537      509
      542     1144      542      512      513     1170
      516      539      542      513      512      539
      542      509      495      535      512      542
      539     1144      542      513      512     1174
      512      539      542      513      512      539
      542      509      542      514      515      514
      512      539      542      513      512      539
      542      509      542      513      491      539
      512      544      537      513      512      539
      542      513      538      514      537      492
      558      492      542      514      512      539
      537      518      538      492      512      564
      486      544      537      514      511      544
      533      518      537      514      516      513
      516      539      512      539      516      540
      511      539      512      540      516      513
      512     1200      537     1148      538      492
      507     1204      508      544      485      540
      515     1196      490      540      533   657079

     3538     1596      567     1140      542     1144
      541      513      517      513      512      539
      542     1144      542      509      541      514
      537     1149      536     1148      538      514
      537     1149      541      514      511      540
      541     1144      542     1144      546      505
      537     1149      537     1148      538      518
      537      491      560     1122      512      544
      511      544      537     1144      542      513
      538      488      558      497      511      540
      541      514      512      539      537      514
      542      518      511      514      511      539
      542      514      511      540      541      510
      541      514      516      514      511      539
      542      514      511     1174      512      539
      542      513      538     1148      533      518
      537      514      542     1143      517     1170
      541      509      542      514      537      518
      537      494      510      540      510      545
      511      540      537      514      537     1154
      532      513      542      514      516      513
      511      540      542      513      512      544
      537     1144      542      509      546     1144
      511      539      538      514      542      492
      507      569      486      540      515      540
      511      540      537      514      541      514
      491      539      511      540      516      539
      512      539      516      535      542      513
      491      538      513      539      516      544
      507      539      542      513      538      513
      538      492      511      540      515      540
      511      540      537      518      538      492
      512      565      485      544      512      539
      512      543      533      518      538      513
      490      540      511      544      512      539
      512      548      533     1144      515      536
      542     1148      537      514      537      514
      512     1178      507      544      501   639078

     3515     1619      536     1148      537     1148
      537      493      558      519      523      502
      542     1144      541      514      537      514
      541     1143      543     1144      542      509
      542     1145      515      539      537      514
      542     1142      539     1148      542      514
      542     1139      516     1177      509      539
      541      509      538     1149      537      514
      542      513      542     1144      542      509
      546      529      496      514      512      539
      542      513      542      509      542      513
      537      514      542      487      572      479
      516      539      549      502      538      518
      537      492      559      518      516      513
      512      539      541     1145      516      539
      512      539      549     1137      512      539
      542      513      538     1147      539     1148
      533      518      537      514      541      514
      516      514      511      538      543      514
      511     1170      516     1170      516      539
      512      540      515      540      536      515
      537      492      559      518      490      540
      511     1200      486      539      517     1168
      513      544      511      546      510      535
      541      514      538      513      542      488
      511      544      511      540      516      535
      537      518      538      492      518      559
      490      539      512      540      516      539
      532      519      537      514      490      539
      512      544      511      540      511      551
      505      539      537      513      491      539
      512      544      511      540      516      535
      541      514      537      514      537      492
      511      545      512      539      516      535
      537      518      537      493      511      565
      486     1200      485      541      516      539
      519     1167      512      539      516      539
      512     1174      537      513      487   639118

     3538     1601      507     1173      538     1143
      542      514      542      509      511      544
      542     1144      541      511      541      514
      541     1139      547     1144      512      539
      542     1144      511      540      544      511
      542     1144      542     1144      542      509
      541     1145      541     1145      541      508
      517      540      551     1135      541      510
      541      514      542     1139      546      510
      540      515      537      514      541      488
      542      516      535      514      541      510
      541      514      541      508      543      515
      515      509      512      544      542      509
      541      510      548      507      563      488
      540      489      559     1127      559      496
      512      539      542     1144      541      514
      512      538      543     1144      541     1144
      542      509      516      540      541      509
      538      518      536      493      512      572
      509      514      511     1174      537      514
      542      509      542      513      511      541
      541      514      486      539      512      550
      535     1144      512      539      542     1143
      542      514      512      539      542      514
      537      513      542      514      492      533
      542      513      512      539      542      513
      512      539      542      513      487      539
      511      544      512      539      541      508
      543      516      537      517      536      493
      511      539      512      544      511      540
      537      513      541      489      512      569
      495      531      515      539      512      539
      538      513      542      514      490      539
      511      540      516      539      512      539
      516      542      535      513      490      540
      511      540      516      538      513      539
      542     1144      515      540      533      518
      537     1155      531      492      536   737967

     3511     1618      514     1169      542     1144
      542      517      538      509      538      492
      559     1127      558      493      541      514
      511     1170      516     1174      538      520
      535     1144      510      541      542      514
      541     1140      546     1144      511      540
      541     1158      528     1144      542      509
      512      544      541     1140      546      509
      542      514      510     1171      523      533
      541      514      563      488      541      488
      512      539      542      514      510      541
      541      514      512      539      542      520
      479      539      512      544      511      540
      541      509      541      515      537      514
      542      487      559     1127      559      503
      505      540      541     1143      513      539
      516      540      511     1174      512     1170
      516      539      542      512      513      539
      538      514      541      488      559      497
      511     1174      512      539      516      540
      511      540      516      540      511      535
      546      509      490      540      511      539
      516     1169      517      540      511     1174
      512      548      507      540      511      539
      538      513      542      513      491      539
      512      539      516      540      511      539
      516      536      548      507      490      540
      511      539      516      540      512      539
      541      514      537      514      538      492
      559      492      516      545      504      541
      537      514      542      487      512      569
      486      540      516      539      512      539
      537      513      543      513      497      533
      512      539      516      539      512      539
      516      536      540      514      489      541
      511     1196      512     1185      526     1148
      538      514      542      513      489      540
      512     1200      486      539      538   666033

     3534     1592      553     1136      512     1174
      512      539      547      509      511      539
      542     1144      542      509      542      514
      548     1138      541     1143      513      540
      541     1145      511      544      512      538
      542     1144      543     1142      543      509
      542     1169      516     1145      541      514
      512      539      540     1145      543      508
      516      540      541     1144      542      509
      542      513      538      512      543      514
      516      509      541      514      542      510
      515      540      541      509      542      514
      515      514      512      539      542      513
      512      539      542      509      542      520
      531      492      559     1125      560      518
      516      514      512     1174      537      514
      541      510      541     1143      543     1144
      542      513      512      539      542      513
      537      515      537      492      559      516
      518      513      519      532      542      514
      537      513      542      514      486      539
      542      513      520      531      542      514
      511     1175      512      539      542     1144
      516      535      537      527      528      492
      512      565      486      544      511      540
      512      543      540      511      538      513
      516      513      512      544      538      513
      512      543      512      539      538      513
      516      514      512      550      504      540
      512      539      542      514      537      513
      537      493      512      543      538      513
      512      538      538      517      545      486
      512      565      486      543      538      513
      512      544      533      518      548      503
      490      539      512      543      538      521
      504      544      537     1144      516     1169
      517      539      512      539      538      513
      512     1178      508      525      504