  2460219

     3501     1651      509     1174      511     1170
      533      495      564      518      486      539
      516     1170      512      539      512      539
      516     1175      511     1171      515      535
      516     1174      512      540      506      544
      512     1173      512     1182      509      539
      513     1169      515     1170      516      540
      515      539      534     1148      538      513
      512      544      511     1174      516      536
      515      539      487      539      559      496
      512      539      516      535      516      539
      545      506      542      488      512      542
      513      539      516      539      538      513
      538      492      511      565      491      539
      512      539      515     1171      516      534
      516      540      516     1169      512      539
      542      513      538     1147      534     1160
      526      518      538      513      542      513
      486      540      516      542      508      539
      517      540      511      539      542      520
      480     1200      533      517      538      492
      507      544      512      539      516      539
      508     1178      508      551      530      513
      516      540      485     1175      511      540
      516      539      512      539      516      540
      511      540      511      550      500      545
      512      517      512      540      537      518
      512      539      507      544      512      518
      512      563      492      539      544      508
      537      518      507      544      512      539
      490      540      537      514      515      540
      538      513      517      535      515      547
      505      517      559      492      538      518
      537      509      517      539      507      544
      512      522      508      543      538      513
      547      509      507     1173      509     1179
      507      548      507      544      486     1174
      512     1174      512      538      538