  2394467

     3609     1559      579     1119      567     1115
      567      463      593      458      593      461
      590     1093      595      456      593      465
      507     1176      506     1179      507      541
      563     1127      593      458      593      458
      593     1091      592     1097      594      458
      507     1178      508     1179      554      497
      585      466      486     1203      485      539
      593      462      593     1089      593      463
      559      470      508      565      572      458
      594      462      588      470      552      492
      589      462      572      458      594      458
      593      462      593      459      593      458
      593      460      572      457      568      487
      593      461      593     1093      593      483
      567      459      559     1128      507      544
      559      492      601     1090      593      454
      592      464      567      462      564      488
      593      462      589      458      594      462
      559      492      570      486      485      545
      589      462      593      458      559      492
      564      492      486      565      568      462
      593     1113      576      456      593     1093
      563      488      593      463      589      458
      593      462      558      494      563      492
      486      540      599      456      594      458
      507      544      563      492      487      564
      569      462      593      458      593      463
      554      493      593      469      561      462
      589      462      592      464      589      462
      593      458      589      462      568      488
      538      492      589      462      600      450
      590      466      508      544      559      493
      486      543      594      458      593      462
      507      544      559      491      488      576
      561      483      568      462      589     1119
      567      462      594      483      568      457
      594     1093      567      488      570