  1854252

     3518     1592      506     1174      512     1174
      512      539      517      539      512      539
      507     1187      500      517      512      544
      511     1175      512     1170      511      544
      511     1196      486      565      512      520
      513     1174      510     1197      516      539
      490     1170      512     1174      512      565
      486      551      504     1171      515      540
      507      544      512     1170      518      540
      492      537      528      525      517      538
      511      536      512      539      491      539
      511      540      516      539      512      540
      510      541      511      544      508      523
      511      539      511      540      516      539
      510      544      510     1172      508      544
      512      543      486     1174      512      540
      516      539      512     1194      513      518
      512      539      516      540      511      540
      507      544      511      518      512      544
      510      541      537      514      516      540
      507     1174      542      514      537      514
      511      544      511      515      511      544
      538     1144      516      539      537     1149
      537      514      516      538      538      514
      507      544      512      543      512      518
      512      539      538      513      516      539
      537      514      512      544      511      514
      512      544      538      513      537      514
      511      544      486      564      513      518
      512      539      538      517      538      513
      508      543      512      518      512      565
      489      540      538      514      516      539
      507      544      512      539      516      514
      537      518      512      539      537      519
      511      543      509      539      512      518
      511      540      537      518      512     1170
      536     1150      538      513      517      546
      530     1145      516      539      486