  2000568

     3588     1569      590     1118      563     1123
      566      460      589      463      593      462
      589     1093      593      459      563      493
      507     1174      491     1203      501      543
      512     1175      593      463      589      462
      563     1119      563     1128      589      462
      486     1197      507     1179      507      548
      508      518      512     1174      508      544
      589      462      594     1101      581      462
      508      522      563      514      564      462
      593      463      589      462      508      543
      564      492      564      462      600      456
      589      462      589      462      594      458
      563      492      564      463      563      492
      589      462      589     1098      595      456
      590      462      507     1179      508      543
      508      544      512     1179      588      458
      564      492      549      481      563      488
      590      466      589      458      563      492
      508     1178      486     1196      487     1200
      493     1193      563      492      508      518
      512      539      563      493      589      462
      507     1180      507      518      570     1138
      511      544      538      492      589      462
      589      463      567      488      589      462
      512      540      567      463      569      482
      567      488      590      458      517      542
      487      563      511      519      563      492
      589      462      590      462      507      555
      501      518      563      513      543      488
      589      462      564      492      507      544
      512      540      542      488      589      462
      569      487      588      463      589      462
      563      488      568      462      564      492
      563      488      589      461      564      489
      486     1207      479     1200      508      543
      508      544      512     1177      590      458
      516     1170      564      492      570