  1710831

     3502     1598      561     1122      512     1174
      512      542      513      540      515      540
      533     1148      538      492      559      518
      490     1184      501     1171      512      544
      511     1196      538      513      542      488
      559     1126      560     1155      535      514
      490     1174      512     1170      516      561
      490      538      513     1174      512      540
      537      514      542     1143      542      514
      490      540      510      541      516      539
      512      535      546      509      490      539
      519      537      512      539      516      534
      543      513      538      513      538      492
      559      492      516      539      512      539
      538      525      542     1137      537      514
      541      514      486     1174      511      540
      541      514      511     1199      539     1150
      535      488      559      496      512      539
      542      514      511      540      536      515
      541      514      516     1144      542     1144
      511      565      516      514      511      539
      543      488      511      565      516      514
      512     1174      518      533      537     1149
      540      515      511      540      541      510
      516      513      513      542      512      539
      542      509      549      505      539      514
      541      488      512      543      512      539
      542      510      537      518      537      492
      511      566      516      521      504      540
      541      514      537      514      541      514
      486      539      542      512      513      540
      541      514      511      540      548      503
      516      513      512      544      537      514
      542      508      543      513      538      513
      542      488      511      544      537      521
      535      509      542      513      536     1150
      563     1123      542      513      538      513
      542     1140      542      513      515