  1702978

     3511     1645      512     1200      485     1174
      512      540      515      540      512      539
      516     1169      513      539      541      514
      538     1148      538     1144      537      518
      538     1147      513      544      519      527
      546     1140      542     1148      512      539
      549     1136      539     1148      537      514
      542      488      559     1126      559      492
      515      541      511     1170      516      539
      538      492      511      565      490      546
      506      539      514      541      536      515
      542      514      485      540      516      539
      512      539      516      539      512      538
      519      534      490      539      511      544
      512      539      516     1170      516      539
      512      545      531     1149      537      521
      531      513      542     1148      512     1174
      512      538      513      539      538      518
      537      492      512      539      517      538
      512     1170      516     1194      491     1196
      490      540      511      540      516      539
      512      539      545      511      536      514
      538     1148      538      492      512     1196
      541      514      486      543      512      538
      513      544      511      540      512      539
      542      513      486      544      507      544
      512      543      511      536      542      513
      538      517      538      492      508      543
      512      539      516      539      508      547
      534      492      512      567      491      537
      511      540      525      530      508      543
      512      543      486      539      517      539
      512      539      516      539      512      539
      513      542      487      547      504      543
      510      541      516      535      542      513
      538     1148      537      514      512     1178
      533     1155      536      513      512      539
      542     1144      541      514      486