  2007115

     3572     1583      572     1115      568     1119
      566      484      571      480      571      491
      565     1114      571      480      571      484
      563     1123      563     1122      564      487
      568     1118      577      474      572      484
      567     1119      567     1118      572      479
      563     1122      564     1123      563      488
      567      462      559     1127      558      493
      571      484      571     1115      571      479
      568      462      511      545      566      484
      572      479      572      483      563      488
      572      458      571      479      572      484
      571      480      571      484      571      480
      571      457      573      479      516      539
      572      483      572     1110      571      484
      571      484      563     1127      559      488
      567      488      567     1114      572     1114
      571      484      567      487      564      488
      567      467      507      539      571      484
      572     1109      572      484      571     1113
      573     1114      511      540      576      479
      572      483      567      484      563      466
      588     1119      568      462      516     1195
      568      462      567      490      565      480
      571      484      571      484      572      479
      571      458      572      479      516      539
      572      479      572      484      573      477
      563      492      563      463      515      540
      572      479      572      483      563      493
      563      461      512      544      567      489
      566      480      571      484      567      488
      567      458      571      484      567      484
      572      483      572      479      572      483
      572      458      567      484      541      510
      571      483      572      480      571      486
      562     1122      563     1122      563      494
      562      488      566     1119      567      486
      566     1118      567      462      567