  1603932

     3548     1608      544     1138      547     1140
      546      505      574      486      558      492
      564     1123      563      462      525      530
      542     1144      542     1144      537      514
      550     1162      563      487      541      489
      512     1174      512     1195      568      488
      516     1144      548     1136      543      536
      515      514      542     1140      546      509
      542      509      542     1143      569      487
      518      508      542      513      542      509
      542      510      541      514      516      513
      511      540      542      514      541      510
      541      514      538      513      537      493
      511      540      541      514      541      510
      563      488      568     1118      568      483
      553      503      516     1145      540      514
      542      509      512     1200      563     1123
      563      467      511      565      516      508
      543      514      541      510      567      488
      567      484      516      513      542      509
      542     1143      517      540      549      501
      542      509      572      484      563      492
      563     1123      563      461      513     1199
      568      462      548      503      541      514
      542      509      542      514      541      523
      554      488      516      509      512      543
      542      509      542      509      572      484
      563      488      566      462      513      543
      542      509      542      514      563      488
      563      466      512      565      516      514
      566      485      541      514      563      488
      567      488      541      484      546      509
      568      483      572      482      569      483
      568      487      542      483      516      540
      567      484      571      484      567      488
      558      493      563     1123      563     1123
      563     1119      571      484      572      479
      570     1116      571      458      568