  1404408

     3508     1647      542     1170      485     1212
      474      540      541      556      469      540
      542     1139      546      509      516      514
      512     1199      538     1149      536      489
      559     1153      537      514      515      514
      512     1200      486     1209      524      517
      538     1149      537     1148      538      513
      542      514      486     1173      513      539
      542      513      512     1196      542      487
      559      497      511      540      541      509
      538      518      538      492      512      565
      516      513      512      546      535      514
      537      514      540      489      538      516
      540      513      537      514      541      514
      542      509      542     1146      538      511
      563      492      563     1123      563      462
      559      496      542     1144      542     1142
      550      503      542      513      512      539
      567      488      568      483      568      483
      563     1122      564     1123      563      498
      557      488      567      463      567      483
      572      484      566      485      572      483
      568     1114      571      484      567     1119
      572      479      563      491      565      462
      515      540      572      479      572      483
      572      479      568      488      574      455
      566      485      572      479      572      483
      572      479      572      483      568      462
      567      484      572      478      573      484
      571      479      572      483      563      467
      588      463      515      535      572      484
      570      485      577      474      563      466
      512      547      564      484      571      480
      571      484      563      488      566      463
      568      483      572      483      572      479
      572     1121      565      484      567      484
      566     1120      571      484      559      492
      563     1123      563      462      572