  1725895

     3529     1599      576     1109      572     1121
      565      483      568      484      567      488
      563     1123      564      462      559      496
      568     1118      568     1119      567      483
      567     1145      563      488      568      462
      554     1128      558     1153      568      462
      567     1119      568     1114      572      509
      542      483      572     1115      571      480
      566      489      567     1124      563      462
      567      484      567      484      571      484
      568      483      567      463      567      484
      512      543      568      488      567      479
      572      484      563      492      563      462
      559      493      571      484      572      479
      563      492      564     1127      558      488
      568      461      568     1118      568      483
      572      484      511     1175      588     1119
      576      453      512      544      569      482
      572      479      571      484      563      488
      572     1114      571     1114      572      491
      560     1114      572      484      563      492
      563      462      516      539      567      484
      572     1114      572      488      563     1114
      516      539      572      479      571      484
      568      488      563      488      563      466
      512      539      572      484      567      483
      564      492      562      463      511      544
      567      484      572      483      567      484
      567      488      568      457      576      479
      568      484      571      484      571      480
      571      484      567      462      568      483
      512      539      571      484      572      484
      567      483      563      492      564      462
      511      540      571      484      572      492
      554      488      567      462      512      539
      572     1114      572      479      572      483
      572      483      568     1114      572      483
      572     1114      572      479      550