  1470480

     3544     1591      564     1118      568     1118
      567      463      510      545      567      484
      567     1119      567      484      567      487
      568     1118      567     1113      573      484
      567     1119      571      483      564      487
      568     1118      563     1122      572      484
      567     1114      572     1121      564      484
      571      479      570     1116      563      492
      563      488      567     1119      571      484
      569      462      567      482      513      539
      572      483      568      483      572      483
      564      487      568      462      512      539
      570      492      565      479      567      488
      563      466      512      539      572      483
      568      483      572     1113      585      471
      567      492      564     1114      571      480
      571      484      563     1125      561     1122
      563      488      567      488      574      456
      567      484      571      480      571      483
      573      479      572     1113      572      484
      567      488      563      487      570      460
      511      539      572      484      567      484
      563     1122      563      492      563     1118
      572      484      570      491      561      462
      567      484      511      539      572      483
      572      479      572      484      562      491
      564      462      516      540      578      472
      572      483      564      466      589      462
      511      544      567      483      573      479
      571      484      563      492      567      465
      565      479      572      483      572      483
      566      485      572      483      568      462
      567      483      512      539      572      483
      578      477      567      483      564      492
      563      462      516      539      571      479
      572      483      563      493      563      462
      514     1203      561      462      567      483
      572     1118      568      483      486