  2334008

     3567     1565      571     1115      572     1114
      567      483      609      443      571      483
      568     1118      568      458      571      484
      571     1114      590     1118      567      462
      524     1186      569      458      576      479
      597     1088      598     1114      563      466
      589     1117      576     1112      567      462
      593      458      572     1113      572      479
      575      479      573     1114      593      466
      508      539      572      483      571      484
      559      466      590      460      517      539
      572      479      572      484      571      479
      575      481      567      458      571      484
      570      481      576      479      598      453
      576      479      572     1114      567      488
      566      460      587     1124      563      462
      516      539      572     1114      572     1114
      571      481      570      485      578      472
      572      483      572      483      568      483
      563      467      588     1118      567     1119
      568     1125      565      483      572      479
      572      457      572      480      570      485
      571     1110      576      480      598     1088
      578      473      571      484      572      478
      568      488      568      457      572      484
      571      480      572      483      572      479
      572      490      577      446      568      483
      572      479      572      484      571      479
      572      484      563      466      589      462
      511      540      579      477      572      483
      559      466      589      462      516      540
      571      480      571      483      573      479
      567      488      568      464      566      483
      572      479      572      483      572      480
      570      485      567      462      568      484
      572      479      571      484      579     1107
      567      484      570     1115      572      479
      572     1114      572      484      533