  1424595

     3545     1588      565     1144      542     1139
      547      509      515      514      559      492
      542     1154      532      510      541      514
      537     1149      537     1148      538      514
      537     1149      542      513      518      533
      542     1144      542     1143      513      539
      537     1149      537     1149      537      520
      544      480      558     1128      559      492
      516      539      512     1170      516      539
      538      492      554      522      487      546
      509      540      512      539      537      514
      542      514      490      539      512      539
      537      518      512      540      516      535
      549      507      485      544      512      539
      512      544      511     1169      517      540
      512      539      537     1149      537      514
      537      518      537     1148      513     1174
      512      539      512      539      538      518
      537      492      559      499      509      539
      512      540      537      514      541      488
      559      523      485      540      541      514
      512      539      537      513      549      508
      516     1143      542      514      537     1170
      538      513      542      487      559      497
      541      510      542      520      531      513
      538      492      559      517      517      513
      542      508      543      513      564      488
      567      488      516      509      549      506
      542      509      542      514      540      511
      567      488      516      510      511      544
      541      510      542      509      546      516
      556      487      568      462      512      544
      541      510      541      514      563      488
      563      467      511      565      515      514
      543      509      542      513      564      488
      567      488      516     1144      542     1143
      543      535      542      483      546      516
      557     1122      563      462      568