  1744101

     3520     1618      508     1195      490     1195
      491      540      511      539      516      535
      516     1179      507      540      490      539
      559     1147      513     1178      507      518
      512     1196      516      539      490      546
      504     1200      487     1199      508      544
      511     1175      507     1178      508      542
      513      550      480     1173      512      540
      516      539      559     1148      512      518
      510      545      511      540      516      546
      501      543      512      517      512      565
      490      540      512      537      518      538
      508      544      511      544      486      539
      516      540      511      540      515      540
      510      541      516     1169      512      544
      507      544      511     1174      512      524
      505      564      492     1195      490     1196
      486      543      512      540      558      497
      512      539      515      536      522      533
      507      543      512     1178      508      517
      512     1196      516      538      492      539
      511      544      510      542      511      544
      511     1170      516      535      516     1173
      512      540      511      544      507      522
      511      572      479      544      512      539
      516      538      508      544      512      543
      486      539      516      540      511      539
      516      541      519      530      515      540
      486      544      559      492      537      518
      511      540      511      544      507      543
      512      517      513      546      509      539
      537      514      507      544      512      522
      507      569      512      513      515      540
      538      518      507      540      522      533
      490      539      538      518      512      539
      537      518      536      511      516      539
      490      540      558     1149      518      537
      486     1174      511      543      538