  1578905

     3526     1603      543     1156      524     1144
      553      498      568      487      564      488
      567     1119      563      466      558      497
      538     1144      541     1145      548      503
      546     1165      564      492      562      463
      559     1127      559     1153      567      462
      542     1146      540     1138      543      540
      516      509      542     1144      542      513
      563      488      568     1124      562      483
      516      514      541      510      546      509
      542      509      568      488      515      510
      510      545      542      509      553      498
      572      484      563      488      567      462
      559      497      542      508      542      510
      542      513      563     1123      570      481
      568      487      516     1145      540      511
      541      514      512     1199      564     1118
      567      463      565      490      542      508
      543      513      542      509      563      488
      567     1119      546      509      542      513
      512     1170      538      517      563      467
      511      540      542      509      542      513
      564     1122      536      515      538     1156
      534      513      512      540      541      514
      486      539      512      543      511      540
      541      510      542      514      537      514
      548      481      512      544      511      540
      541      508      539      518      537      492
      512      565      516      514      511      540
      516      539      538      513      536      519
      486      540      516      539      512      539
      516      539      512      539      512      539
      491      539      517      538      512      539
      516      535      542      513      538      514
      541      488      512      543      512      538
      518     1169      519     1193      485     1201
      485     1196      537      517      538      492
      512     1174      512      539      542