  1746783

     3563     1569      567     1114      571     1114
      572      479      580      475      512      539
      572     1114      571      484      571      480
      571     1114      572     1118      567      491
      565     1114      511      539      572      483
      572     1114      572     1113      568      484
      571     1118      568     1114      571      484
      511      539      572     1114      576      479
      572      479      571     1114      572      491
      564      480      567      487      568      462
      568      483      571      480      571      483
      572      479      572      483      572      458
      573      478      515      540      572      479
      571      484      567      466      585      487
      567      463      511     1170      516      539
      572      479      571     1119      567      484
      571      479      572     1114      572     1121
      564      484      571      486      565      467
      580      492      563      462      516      539
      567      484      572      483      572     1114
      571      479      572      490      565      479
      572      457      572      479      516      540
      571     1115      571      479      572     1118
      567      484      579      472      571      484
      567      484      571      458      571      480
      571      484      571      484      571      480
      571      484      575      455      567      483
      512      539      571      484      572      479
      571      488      559      492      563      462
      518      537      572      479      580      475
      563      492      563      462      512      543
      568      483      572      480      571      484
      563      488      571      458      571      486
      565      484      571      484      567      484
      587      468      567      462      568      483
      512      539      571     1114      572      490
      565     1114      572      479      571      484
      571     1114      572      479      563