  2043489

     3566     1562      512     1169      559     1128
      558      493      572      483      572      479
      567     1119      577      459      554      495
      568     1114      571     1116      566      484
      572     1141      562      492      563      471
      550     1127      561     1152      567      461
      568     1114      572     1114      568      514
      541      492      560     1114      572      483
      568      483      572     1114      572      484
      541      484      572      483      570      482
      578      473      571      484      546      484
      511      540      571      484      568      483
      568      488      563      488      567      463
      511      546      561      484      572      483
      563      488      568     1118      569      483
      571      484      520     1140      568      484
      578      477      512     1200      563     1119
      567      462      559      496      568      484
      567      488      567      484      570      482
      567      462      568      483      572     1118
      542     1166      563      488      567      463
      511      540      572      490      561      488
      562     1119      563      492      564     1122
      568      483      547      505      571      484
      520      509      514      538      541      514
      567      484      567      488      563      489
      563      466      512      539      567      488
      568      484      563      495      560      462
      512      544      567      485      567      483
      572      483      564      488      567      488
      542      483      542      514      574      477
      542      513      568      484      567      488
      516      509      512      544      541      510
      541      510      567      489      563      494
      561      462      512      543      542      510
      568      483      563     1123      563      489
      566      488      568     1126      534      509
      568     1118      568      488      516