  1980704

     3560     1570      558     1126      559     1132
      555      492      567      484      571      484
      563     1119      567      462      559      497
      567     1119      567     1121      565      483
      568     1122      585      488      567      463
      558     1124      515     1196      572      464
      561     1119      567     1118      568      510
      520      505      571     1115      571      484
      567      484      580     1106      567      463
      567      485      545      505      572      483
      546      505      572      484      541      484
      516      539      575      477      571      484
      567      467      584      488      567      458
      516      540      567      484      571      463
      584      488      568     1125      561      483
      572      483      521     1140      567      484
      571      484      512     1200      567     1119
      565      460      559      496      568      484
      571      484      567      484      568      483
      572     1114      572      483      568     1126
      560      466      585      488      563      462
      559      496      567      484      572      462
      584     1102      584      488      574     1113
      571      479      572      483      568      462
      567      484      512      539      572      483
      572      479      573      466      586      486
      563      462      559      492      572      484
      571      462      585      488      567      458
      559      496      572      479      572      484
      572      479      567      488      568      462
      567      484      571      480      572      483
      572      479      572      483      568      462
      574      477      512      539      572      483
      572      479      572      466      581      492
      563      462      512      539      572      483
      572     1120      566     1114      571      480
      571     1114      516      535      576      479
      572     1114      572      486      539