  1401107

     3538     1595      560     1122      563     1123
      562      494      541      518      533      514
      537     1144      568      462      511      570
      486     1173      538     1148      538      513
      542     1177      556      487      538      492
      512     1173      512     1196      542      513
      516     1144      542     1145      541      535
      515      515      542     1143      542      509
      542      509      542     1144      542      514
      523      505      539      513      542      513
      538      509      546      510      516      513
      512      539      542      514      540      511
      541      523      528      514      542      488
      511      540      541      514      542      509
      537      518      563     1123      538      513
      544      522      505     1144      542      509
      542      514      538     1168      568     1118
      568      462      511      570      516      509
      542      513      542      508      564      488
      567     1119      546      509      567      484
      520      509      512      544      549      501
      543      509      568      487      564      487
      568     1118      567      462      512     1196
      566      489      520      517      561      483
      546      509      568      483      546      505
      572      484      541      487      513      539
      568      488      567      484      574      481
      563      488      563      467      511      539
      572      483      568      484      563      488
      567      462      512      543      567      491
      565      483      567      484      566      489
      568      483      546      484      567      484
      571      484      567      484      572      483
      574      476      547      484      511      540
      571      484      567      483      572      484
      563     1123      563     1121      565     1129
      556      488      567      462      512      539
      572     1114      572      478      547