on_cold_16C_dir0_fan1.decoded:[ 11000100 11010011 01100100 10000000 00000000 00100100 11000000 11110000 01010000 00000000 00000000 00000000 00000000 10101010 ]
on_cold_17C_dir0_fan1.decoded:[ 11000100 11010011 01100100 10000000 00000000 00100100 11000000 01110000 01010000 00000000 00000000 00000000 00000000 00101010 ]
on_cold_18C_dir0_fan1.decoded:[ 11000100 11010011 01100100 10000000 00000000 00100100 11000000 10110000 01010000 00000000 00000000 00000000 00000000 11001010 ]
on_cold_19C_dir0_fan1.decoded:[ 11000100 11010011 01100100 10000000 00000000 00100100 11000000 00110000 01010000 00000000 00000000 00000000 00000000 01001010 ]
on_cold_20C_dir0_fan1.decoded:[ 11000100 11010011 01100100 10000000 00000000 00100100 11000000 11010000 01010000 00000000 00000000 00000000 00000000 10001010 ]
on_cold_21C_dir0_fan1.decoded:[ 11000100 11010011 01100100 10000000 00000000 00100100 11000000 01010000 01010000 00000000 00000000 00000000 00000000 00001010 ]
on_cold_22C_dir0_fan1.decoded:[ 11000100 11010011 01100100 10000000 00000000 00100100 11000000 10010000 01010000 00000000 00000000 00000000 00000000 11110010 ]
on_cold_23C_dir0_fan1.decoded:[ 11000100 11010011 01100100 10000000 00000000 00100100 11000000 00010000 01010000 00000000 00000000 00000000 00000000 01110010 ]
on_cold_24C_dir0_fan1.decoded:[ 11000100 11010011 01100100 10000000 00000000 00100100 11000000 11100000 01010000 00000000 00000000 00000000 00000000 10110010 ]
on_cold_25C_dir0_fan1.decoded:[ 11000100 11010011 01100100 10000000 00000000 00100100 11000000 01100000 01010000 00000000 00000000 00000000 00000000 00110010 ]
on_cold_26C_dir0_fan1.decoded:[ 11000100 11010011 01100100 10000000 00000000 00100100 11000000 10100000 01010000 00000000 00000000 00000000 00000000 11010010 ]
on_cold_27C_dir0_fan1.decoded:[ 11000100 11010011 01100100 10000000 00000000 00100100 11000000 00100000 01010000 00000000 00000000 00000000 00000000 01010010 ]
on_cold_28C_dir0_fan1.decoded:[ 11000100 11010011 01100100 10000000 00000000 00100100 11000000 11000000 01010000 00000000 00000000 00000000 00000000 10010010 ]
on_cold_29C_dir0_fan1.decoded:[ 11000100 11010011 01100100 10000000 00000000 00100100 11000000 01000000 01010000 00000000 00000000 00000000 00000000 00010010 ]
on_cold_30C_dir0_fan1.decoded:[ 11000100 11010011 01100100 10000000 00000000 00100100 11000000 10000000 01010000 00000000 00000000 00000000 00000000 11100010 ]
on_cold_31C_dir0_fan1.decoded:[ 11000100 11010011 01100100 10000000 00000000 00100100 11000000 00000000 01010000 00000000 00000000 00000000 00000000 01100010 ]
